32761
32739
32732
32731
32704
32693
32683
32670
32648
32631
32627
32622
32620
32614
32612
32578
32573
32561
32496
32465
32460
32441
32378
32377
32374
32358
32353
32350
32342
32338
32319
32313
32308
32300
32284
32280
32276
32256
32253
32250
32217
32207
32197
32196
32190
32182
32170
32135
32107
32104
32103
32097
32087
32087
32072
32060
32044
32038
32016
31988
31981
31973
31963
31945
31912
31904
31900
31892
31889
31878
31877
31857
31855
31847
31827
31815
31813
31812
31810
31798
31776
31758
31754
31748
31726
31719
31717
31695
31674
31662
31656
31648
31647
31626
31614
31607
31595
31589
31569
31551
31545
31522
31512
31504
31500
31497
31487
31451
31446
31441
31427
31392
31369
31368
31362
31340
31338
31337
31322
31284
31281
31265
31261
31259
31256
31254
31251
31244
31241
31227
31226
31224
31221
31216
31193
31188
31186
31169
31154
31147
31127
31071
31065
31062
31062
31024
31021
31013
31007
31006
30975
30971
30965
30953
30944
30933
30912
30897
30886
30880
30877
30876
30861
30858
30850
30839
30839
30829
30815
30809
30801
30797
30787
30781
30776
30762
30744
30705
30686
30671
30650
30638
30632
30629
30626
30603
30594
30585
30559
30549
30533
30532
30523
30515
30512
30507
30448
30447
30446
30428
30422
30418
30414
30404
30393
30384
30373
30363
30362
30351
30327
30319
30316
30308
30294
30290
30289
30280
30260
30260
30253
30241
30240
30238
30233
30219
30217
30205
30203
30163
30163
30150
30146
30144
30142
30109
30107
30076
30058
30051
30045
30045
30036
30032
30024
30020
30007
29998
29990
29988
29987
29986
29947
29906
29898
29896
29895
29893
29864
29861
29854
29852
29835
29800
29792
29777
29777
29775
29770
29768
29757
29755
29744
29738
29734
29733
29729
29714
29700
29691
29680
29665
29647
29636
29630
29629
29613
29591
29587
29563
29558
29539
29536
29534
29521
29519
29514
29506
29501
29488
29484
29484
29478
29471
29460
29450
29427
29411
29399
29392
29344
29344
29335
29332
29318
29306
29282
29261
29256
29246
29230
29213
29198
29180
29168
29134
29127
29125
29075
29065
29056
29047
29043
29040
29002
29001
28972
28968
28962
28947
28938
28929
28914
28901
28901
28894
28873
28864
28861
28854
28848
28848
28832
28820
28802
28797
28797
28791
28775
28773
28743
28712
28697
28682
28676
28662
28650
28645
28642
28638
28638
28629
28612
28596
28583
28576
28575
28570
28563
28551
28550
28542
28518
28512
28510
28490
28485
28477
28455
28451
28445
28419
28416
28415
28403
28390
28379
28377
28370
28347
28325
28323
28314
28291
28290
28272
28254
28242
28235
28218
28197
28190
28184
28166
28152
28147
28145
28137
28136
28135
28120
28081
28081
28073
28067
28067
28055
28044
28031
28015
27999
27990
27978
27958
27954
27947
27937
27932
27923
27922
27921
27907
27865
27852
27850
27840
27792
27769
27768
27768
27762
27741
27740
27736
27731
27715
27689
27686
27668
27667
27651
27643
27624
27571
27555
27539
27537
27537
27501
27431
27429
27425
27404
27394
27391
27384
27375
27352
27332
27322
27308
27307
27302
27298
27268
27259
27253
27253
27244
27214
27213
27207
27191
27169
27155
27125
27120
27104
27091
27088
27059
27051
27026
27001
27000
26982
26973
26972
26942
26941
26936
26932
26930
26927
26924
26915
26913
26895
26894
26892
26858
26856
26854
26845
26802
26781
26780
26729
26713
26703
26691
26685
26679
26673
26645
26622
26612
26601
26593
26584
26582
26570
26563
26553
26549
26540
26537
26529
26506
26497
26492
26479
26472
26462
26458
26445
26413
26411
26406
26398
26393
26369
26358
26341
26325
26312
26308
26300
26292
26287
26285
26273
26271
26251
26250
26242
26220
26213
26183
26181
26171
26155
26140
26138
26126
26124
26119
26110
26108
26106
26097
26094
26086
26081
26079
26077
26056
26052
26026
26021
25997
25987
25968
25962
25956
25912
25892
25871
25861
25855
25855
25844
25839
25820
25788
25787
25776
25767
25765
25749
25746
25738
25736
25718
25717
25701
25667
25650
25635
25624
25613
25584
25583
25563
25560
25545
25534
25533
25528
25524
25523
25507
25497
25496
25470
25455
25424
25393
25382
25363
25362
25352
25343
25338
25335
25311
25290
25261
25258
25246
25231
25204
25201
25185
25172
25156
25127
25123
25115
25103
25102
25075
25075
25066
25062
25047
25046
25043
25037
25022
24974
24970
24966
24954
24927
24927
24916
24904
24893
24884
24883
24879
24875
24862
24835
24830
24829
24828
24801
24795
24784
24771
24761
24737
24730
24723
24682
24658
24633
24623
24600
24599
24589
24583
24570
24548
24547
24544
24530
24518
24508
24463
24446
24444
24441
24440
24433
24430
24424
24421
24420
24414
24400
24386
24368
24365
24361
24344
24344
24342
24340
24323
24319
24314
24300
24299
24286
24269
24259
24251
24250
24245
24217
24210
24189
24186
24174
24152
24138
24111
24104
24102
24086
24081
24081
24079
24078
24073
24067
24053
24042
24041
24032
23971
23967
23940
23926
23921
23920
23913
23898
23892
23887
23879
23875
23866
23832
23813
23811
23799
23767
23760
23759
23755
23745
23740
23739
23738
23733
23713
23713
23705
23704
23700
23698
23695
23680
23672
23663
23655
23652
23634
23616
23601
23587
23555
23553
23535
23497
23490
23489
23442
23427
23422
23416
23407
23394
23375
23374
23369
23364
23339
23308
23305
23288
23279
23254
23251
23242
23231
23225
23211
23209
23175
23160
23134
23132
23102
23097
23068
23049
23041
23041
23038
23034
23019
23004
22999
22998
22990
22983
22976
22970
22969
22965
22917
22916
22904
22889
22883
22882
22876
22875
22858
22853
22853
22853
22839
22825
22824
22818
22780
22778
22766
22762
22751
22733
22715
22680
22667
22666
22665
22656
22645
22641
22618
22612
22586
22549
22548
22546
22532
22531
22527
22523
22517
22507
22502
22498
22496
22487
22480
22451
22412
22406
22401
22397
22390
22388
22369
22360
22356
22351
22347
22320
22317
22303
22263
22259
22236
22218
22213
22211
22211
22194
22188
22179
22174
22168
22165
22161
22148
22107
22104
22079
22052
22051
22043
22043
22042
22037
22035
22031
22023
21997
21992
21980
21965
21942
21941
21929
21920
21913
21912
21911
21896
21887
21885
21884
21870
21860
21842
21829
21821
21806
21805
21796
21791
21782
21776
21771
21767
21763
21748
21741
21728
21721
21715
21696
21668
21666
21636
21635
21628
21627
21620
21587
21583
21573
21561
21557
21547
21544
21533
21520
21511
21442
21441
21428
21402
21389
21359
21348
21340
21335
21319
21305
21293
21292
21282
21266
21263
21241
21225
21221
21204
21194
21193
21191
21186
21177
21175
21167
21162
21160
21159
21152
21129
21128
21127
21109
21102
21098
21083
21075
21073
21073
21067
21058
21049
21048
21045
21015
21015
21006
21005
20989
20988
20987
20929
20927
20908
20907
20878
20844
20822
20820
20818
20806
20789
20780
20753
20730
20728
20719
20713
20710
20701
20694
20691
20675
20670
20666
20656
20655
20630
20625
20610
20607
20590
20573
20562
20555
20509
20505
20499
20484
20462
20457
20456
20435
20433
20429
20420
20406
20401
20401
20399
20393
20376
20373
20362
20344
20338
20336
20319
20305
20303
20274
20232
20206
20156
20147
20106
20099
20079
20075
20070
20070
20069
20064
20057
20045
20032
20025
20009
20007
20001
20000
19987
19973
19952
19947
19945
19920
19900
19897
19887
19877
19874
19867
19844
19827
19818
19814
19812
19807
19796
19794
19768
19744
19738
19724
19714
19710
19710
19690
19665
19659
19656
19644
19636
19628
19622
19614
19600
19585
19566
19551
19551
19544
19536
19512
19474
19458
19453
19435
19427
19392
19390
19378
19376
19374
19367
19342
19298
19285
19284
19275
19262
19256
19248
19241
19233
19228
19203
19189
19179
19171
19171
19152
19150
19127
19108
19108
19091
19078
19066
19065
19064
19049
19039
19010
19007
18967
18957
18951
18930
18915
18910
18909
18868
18838
18831
18827
18796
18789
18772
18764
18751
18749
18744
18743
18740
18739
18714
18697
18694
18681
18680
18678
18678
18660
18660
18652
18637
18636
18609
18598
18594
18590
18578
18575
18564
18564
18553
18553
18546
18540
18536
18481
18481
18478
18475
18466
18457
18432
18427
18425
18420
18414
18399
18398
18359
18349
18346
18329
18321
18321
18317
18312
18249
18239
18235
18230
18224
18215
18215
18186
18186
18184
18181
18166
18162
18145
18135
18125
18107
18104
18104
18096
18075
18070
18070
18067
18041
18039
18036
17991
17953
17946
17915
17903
17895
17888
17882
17879
17829
17828
17825
17823
17819
17799
17794
17790
17782
17780
17765
17758
17735
17694
17693
17654
17652
17638
17628
17619
17617
17607
17584
17582
17571
17558
17552
17546
17537
17533
17531
17521
17507
17503
17494
17453
17427
17420
17415
17402
17390
17384
17383
17367
17358
17342
17303
17300
17283
17283
17267
17267
17266
17240
17234
17233
17231
17190
17125
17116
17107
17083
17057
17055
17041
17016
17016
17007
16990
16983
16980
16975
16973
16972
16971
16937
16916
16895
16890
16880
16876
16871
16869
16865
16863
16856
16849
16848
16847
16835
16829
16826
16824
16820
16820
16811
16810
16808
16808
16804
16782
16775
16773
16735
16733
16724
16724
16711
16702
16700
16699
16697
16669
16641
16634
16629
16624
16616
16615
16613
16608
16600
16574
16561
16543
16529
16512
16500
16498
16480
16478
16467
16459
16426
16419
16416
16406
16404
16379
16367
16357
16342
16315
16306
16304
16298
16287
16268
16266
16264
16248
16239
16238
16219
16214
16209
16200
16187
16137
16133
16112
16100
16087
16077
16075
16074
16070
16064
16038
16034
16031
16028
16025
16019
15990
15982
15980
15976
15953
15949
15947
15945
15936
15919
15891
15887
15868
15859
15816
15814
15806
15789
15775
15768
15752
15747
15721
15700
15698
15696
15690
15689
15688
15684
15671
15668
15655
15636
15615
15604
15599
15599
15596
15594
15581
15569
15559
15543
15538
15529
15471
15469
15466
15456
15430
15423
15410
15402
15401
15397
15385
15381
15368
15356
15348
15328
15313
15306
15296
15296
15286
15284
15268
15259
15256
15251
15224
15218
15188
15187
15177
15173
15157
15151
15129
15128
15117
15111
15083
15082
15080
15070
15065
15064
15053
15040
15024
15014
15006
14995
14951
14940
14924
14921
14885
14883
14880
14858
14854
14853
14852
14816
14810
14809
14805
14786
14779
14777
14777
14765
14739
14734
14731
14729
14708
14688
14688
14678
14676
14667
14661
14650
14643
14641
14604
14553
14551
14526
14523
14502
14490
14444
14439
14425
14412
14373
14369
14362
14354
14343
14332
14305
14270
14267
14228
14226
14215
14215
14208
14207
14206
14198
14183
14169
14155
14154
14153
14153
14143
14133
14129
14112
14106
14103
14101
14082
14065
14060
14044
14044
14036
14025
13992
13984
13978
13970
13953
13950
13946
13943
13941
13935
13912
13898
13896
13894
13885
13883
13870
13868
13845
13840
13801
13772
13738
13680
13679
13663
13663
13661
13652
13648
13637
13632
13631
13622
13622
13592
13579
13568
13563
13556
13555
13518
13489
13484
13481
13459
13455
13440
13423
13417
13408
13371
13371
13369
13349
13326
13311
13303
13292
13231
13203
13202
13197
13194
13183
13176
13168
13155
13153
13151
13140
13133
13105
13101
13101
13081
13077
13073
13072
13061
13058
13057
13042
13023
13022
13008
13000
12987
12968
12927
12923
12922
12921
12907
12881
12875
12871
12867
12866
12864
12841
12835
12812
12805
12794
12782
12762
12746
12737
12724
12714
12698
12685
12677
12676
12668
12658
12654
12654
12641
12630
12629
12622
12617
12602
12596
12579
12576
12562
12547
12541
12537
12528
12517
12507
12507
12498
12496
12477
12467
12463
12457
12447
12442
12442
12424
12412
12372
12362
12356
12350
12345
12330
12325
12316
12311
12299
12287
12272
12244
12234
12225
12215
12213
12187
12179
12167
12153
12132
12115
12075
12075
12070
12048
12039
12037
12031
12028
11998
11984
11950
11949
11937
11926
11922
11915
11913
11898
11883
11839
11835
11832
11811
11807
11783
11772
11770
11767
11761
11753
11747
11742
11724
11720
11703
11668
11658
11657
11657
11654
11637
11632
11631
11610
11574
11543
11510
11510
11495
11486
11484
11475
11456
11436
11425
11415
11396
11395
11366
11356
11355
11341
11333
11328
11327
11326
11321
11284
11281
11276
11272
11269
11262
11256
11252
11236
11236
11225
11199
11194
11182
11171
11156
11153
11131
11110
11109
11107
11100
11100
11094
11084
11069
11062
11059
11048
11044
11043
11032
11018
10995
10992
10987
10983
10978
10955
10946
10945
10943
10922
10913
10903
10896
10880
10879
10865
10855
10846
10840
10837
10822
10815
10806
10796
10796
10774
10756
10755
10755
10750
10744
10727
10724
10717
10713
10711
10710
10701
10695
10685
10681
10662
10647
10640
10638
10610
10608
10605
10605
10602
10601
10568
10558
10557
10545
10543
10541
10537
10531
10528
10521
10518
10511
10502
10472
10466
10460
10455
10454
10444
10417
10417
10413
10394
10392
10383
10382
10363
10361
10355
10353
10335
10331
10314
10304
10270
10267
10262
10253
10247
10244
10233
10233
10215
10196
10189
10185
10175
10160
10151
10146
10117
10099
10084
10076
10074
10070
10067
10057
10044
10041
10040
10037
10014
10008
10008
9978
9972
9957
9955
9936
9915
9892
9887
9885
9851
9845
9838
9835
9832
9829
9791
9774
9762
9753
9751
9750
9743
9742
9735
9735
9735
9719
9713
9703
9694
9686
9683
9660
9657
9654
9626
9617
9616
9612
9607
9606
9596
9586
9577
9569
9565
9545
9544
9542
9539
9527
9524
9519
9513
9502
9495
9491
9485
9482
9472
9466
9439
9438
9431
9430
9419
9415
9408
9401
9387
9387
9356
9356
9346
9342
9324
9319
9318
9317
9256
9249
9246
9242
9241
9225
9211
9200
9200
9181
9169
9159
9158
9157
9135
9109
9100
9071
9070
9069
9056
9055
9014
8994
8993
8979
8970
8960
8959
8948
8934
8933
8914
8892
8869
8863
8856
8855
8849
8833
8794
8789
8781
8774
8766
8756
8750
8744
8735
8726
8724
8724
8719
8713
8711
8696
8693
8666
8664
8662
8652
8636
8632
8621
8617
8598
8569
8549
8535
8530
8524
8522
8487
8468
8460
8444
8444
8437
8402
8391
8385
8381
8380
8376
8375
8364
8363
8356
8351
8346
8337
8336
8336
8323
8288
8288
8261
8228
8186
8172
8161
8156
8137
8133
8120
8120
8118
8097
8088
8080
8072
8060
8052
8034
8013
7999
7988
7982
7972
7959
7955
7955
7948
7935
7934
7930
7929
7923
7918
7910
7906
7892
7888
7834
7823
7816
7810
7805
7793
7753
7753
7718
7710
7706
7673
7644
7634
7623
7610
7610
7607
7603
7602
7602
7581
7581
7571
7563
7562
7552
7551
7551
7543
7534
7530
7529
7524
7516
7473
7459
7447
7438
7422
7415
7392
7392
7383
7375
7372
7369
7363
7353
7331
7317
7304
7291
7290
7290
7267
7261
7226
7225
7222
7209
7200
7198
7197
7182
7168
7163
7158
7153
7144
7142
7137
7108
7101
7101
7100
7073
7072
7039
7027
7025
7023
6997
6996
6995
6993
6987
6958
6953
6949
6940
6937
6921
6919
6917
6886
6884
6870
6869
6869
6857
6846
6841
6837
6827
6826
6822
6811
6802
6791
6787
6783
6761
6758
6757
6745
6696
6681
6665
6625
6619
6616
6585
6533
6505
6503
6493
6478
6461
6461
6442
6423
6419
6387
6387
6383
6381
6378
6361
6352
6342
6338
6338
6332
6317
6301
6286
6281
6251
6248
6234
6234
6232
6227
6222
6221
6200
6194
6194
6184
6181
6180
6168
6146
6137
6112
6106
6102
6101
6061
6059
6055
6055
6054
6009
6004
5999
5980
5979
5977
5977
5974
5964
5962
5949
5930
5896
5895
5876
5870
5851
5850
5847
5828
5827
5824
5824
5809
5809
5790
5774
5771
5761
5755
5736
5732
5722
5722
5710
5709
5703
5688
5676
5661
5654
5650
5644
5638
5632
5624
5617
5612
5609
5570
5567
5567
5563
5541
5520
5502
5495
5492
5465
5463
5452
5449
5449
5449
5442
5430
5426
5425
5414
5396
5376
5351
5350
5331
5330
5322
5321
5320
5316
5294
5290
5282
5282
5274
5259
5252
5238
5233
5211
5205
5196
5196
5188
5167
5158
5156
5152
5143
5136
5136
5125
5124
5112
5111
5103
5102
5086
5081
5057
5050
5033
5032
5016
5011
4998
4996
4983
4968
4958
4958
4925
4920
4906
4898
4890
4886
4878
4877
4870
4848
4834
4829
4797
4790
4779
4779
4765
4752
4737
4735
4732
4704
4693
4678
4677
4673
4660
4655
4654
4633
4622
4610
4606
4570
4565
4551
4549
4520
4516
4507
4505
4496
4481
4477
4464
4453
4428
4426
4412
4394
4387
4375
4374
4369
4364
4340
4328
4328
4322
4312
4283
4253
4237
4232
4230
4219
4213
4200
4200
4185
4172
4136
4120
4098
4075
4051
4051
4047
4027
4009
3976
3954
3938
3933
3901
3873
3858
3828
3826
3826
3816
3816
3814
3811
3795
3791
3761
3757
3749
3747
3705
3703
3684
3684
3665
3663
3658
3651
3642
3620
3616
3607
3596
3586
3548
3539
3530
3513
3506
3495
3491
3487
3481
3479
3475
3460
3460
3427
3425
3414
3407
3407
3397
3375
3374
3368
3344
3332
3308
3308
3303
3299
3278
3272
3266
3255
3243
3240
3234
3226
3222
3216
3211
3207
3192
3187
3187
3157
3119
3113
3111
3111
3095
3094
3077
3068
3062
3061
3059
3037
3029
3024
3019
3007
3004
2993
2957
2955
2936
2922
2908
2902
2895
2884
2883
2880
2873
2871
2871
2843
2817
2812
2796
2796
2787
2780
2776
2776
2757
2747
2747
2730
2724
2719
2694
2679
2678
2653
2647
2644
2631
2626
2618
2618
2618
2611
2600
2578
2574
2568
2556
2546
2545
2529
2486
2466
2463
2441
2435
2407
2404
2399
2349
2342
2329
2293
2284
2276
2257
2251
2195
2194
2166
2162
2162
2160
2153
2151
2147
2138
2106
2097
2097
2095
2085
2038
2027
2020
2018
2015
2014
2008
1984
1983
1978
1959
1955
1955
1933
1886
1880
1877
1872
1864
1834
1828
1825
1806
1790
1782
1762
1755
1736
1723
1714
1706
1691
1689
1686
1669
1662
1656
1632
1624
1590
1587
1587
1583
1571
1549
1533
1515
1509
1498
1495
1492
1490
1478
1455
1439
1435
1434
1412
1409
1404
1399
1383
1371
1367
1363
1357
1348
1338
1321
1316
1314
1303
1303
1298
1295
1269
1247
1222
1218
1197
1188
1154
1132
1131
1121
1119
1118
1099
1089
1088
1080
1054
1046
1041
1007
979
974
969
884
879
871
851
829
827
801
771
763
753
735
725
693
678
664
663
658
626
606
605
591
586
557
522
513
496
452
438
430
409
404
396
387
365
339
335
333
321
318
318
317
302
299
285
239
222
222
215
214
214
202
202
192
176
175
168
166
158
151
141
119
97
95
90
79
75
70
67
58
56
55
52
16
7
1
0
